Riser,Shoulder,Elbow,Wrist,Gripper
0.55249999999999999,9.469052043028185,-46.761516585633608,67.292464542605416,0.0375
0.45250000000000001,9.469052043028185,-46.761516585633608,67.292464542605416,0.0375
0.3775,9.469052043028185,-46.761516585633608,67.292464542605416,0.0375
0.3775,9.469052043028185,-46.761516585633608,67.292464542605416,0.02625
GUI,TAKE,h2
0.55249999999999999,9.469052043028185,-46.761516585633608,67.292464542605416,0.02625
0.55249999999999999,12.681579636795799,-59.977473226142948,77.295893589347145,0.02625
0.45250000000000001,12.681579636795799,-59.977473226142948,77.295893589347145,0.02625
0.3775,12.681579636795799,-59.977473226142948,77.295893589347145,0.02625
GUI,DROP,h3
0.55249999999999999,12.681579636795799,-59.977473226142948,77.295893589347145,0.0375
0.55249999999999999,0,0,-90,0
