552.5 9.469052043028185 -46.761516585633608 67.292464542605416 -90.0 0.0 0.0 37.5
452.5 9.469052043028185 -46.761516585633608 67.292464542605416 -90.0 0.0 0.0 37.5
377.5 9.469052043028185 -46.761516585633608 67.292464542605416 -90.0 0.0 0.0 37.5
377.5 9.469052043028185 -46.761516585633608 67.292464542605416 -90.0 0.0 0.0 26.25
552.5 9.469052043028185 -46.761516585633608 67.292464542605416 -90.0 0.0 0.0 26.25
552.5 12.681579636795799 -59.977473226142948 77.295893589347145 -90.0 0.0 0.0 26.25
452.5 12.681579636795799 -59.977473226142948 77.295893589347145 -90.0 0.0 0.0 26.25
377.5 12.681579636795799 -59.977473226142948 77.295893589347145 -90.0 0.0 0.0 26.25
552.5 12.681579636795799 -59.977473226142948 77.295893589347145 -90.0 0.0 0.0 37.5
552.5 0 0 -90 -90.0 0.0 0.0 0.0
