512.50000000000011 0 0 0 -90.0 0.0 0.0 37.5
412.50000000000006 0 0 0 -90.0 0.0 0.0 37.5
342.5 0 0 0 -90.0 0.0 0.0 37.5
342.5 0 0 0 -90.0 0.0 0.0 0.0
512.50000000000011 0 0 0 -90.0 0.0 0.0 0.0
512.50000000000011 0 0 0 -90.0 0.0 0.0 0.0
412.50000000000006 0 0 0 -90.0 0.0 0.0 0.0
342.5 0 0 0 -90.0 0.0 0.0 0.0
512.50000000000011 0 0 0 -90.0 0.0 0.0 37.5
512.50000000000011 0 0 0 -90.0 0.0 0.0 37.5
412.50000000000006 0 0 0 -90.0 0.0 0.0 37.5
342.5 0 0 0 -90.0 0.0 0.0 37.5
342.5 0 0 0 -90.0 0.0 0.0 0.0
512.50000000000011 0 0 0 -90.0 0.0 0.0 0.0
512.50000000000011 0 0 0 -90.0 0.0 0.0 0.0
412.50000000000006 0 0 0 -90.0 0.0 0.0 0.0
342.5 0 0 0 -90.0 0.0 0.0 0.0
512.50000000000011 0 0 0 -90.0 0.0 0.0 37.5
